Matrice 50*4 con le medie JK di Ui:
[2.1352343084308214, 1.1645436256143145, -0.069855263016742, 2.031017904723732]

[2.1334970664198405, 1.164041965370562, -0.06868524191349933, 2.032019387052717]

[2.13421883346087, 1.1642768098556895, -0.06850366473534396, 2.0322848569341367]

[2.1368944262192917, 1.1648822295587997, -0.07098337459156208, 2.029775147872813]

[2.136100499241799, 1.1646432270777167, -0.07019599904227951, 2.030564837603574]

[2.1342242272289917, 1.1642071545384944, -0.06858682272253999, 2.0321703340926973]

[2.1347261146927776, 1.1644298492313145, -0.06667494995876393, 2.034488319625925]

[2.133408355989628, 1.1642649897484572, -0.06609015213625348, 2.034986130365938]

[2.13417377262351, 1.1642545920962772, -0.06827492611949826, 2.0325812837821986]

[2.13475182459387, 1.164441155580499, -0.0686195643078303, 2.03218459565544]

[2.1349442310810773, 1.1645136772999989, -0.06721511682477402, 2.0339471759294625]

[2.1364700908907492, 1.1648204508914444, -0.06810951524068416, 2.0331943702708264]

[2.1360381945294087, 1.1647649564046814, -0.06836936218173166, 2.0327339876923536]

[2.136169616640345, 1.1646675232187949, -0.07054629473715435, 2.030244625466072]

[2.135752907863485, 1.1647382043722998, -0.0705514764963255, 2.030160004586424]

[2.1357858331767083, 1.1647170789327472, -0.06976287308721457, 2.0311402306875337]

[2.135497793134291, 1.1645459606225625, -0.06845301786559282, 2.032725340346678]

[2.134926965472214, 1.1644594895724818, -0.06797888528960944, 2.0331179816611793]

[2.1359931482924024, 1.1647096400443324, -0.06726430814620181, 2.0340322020863146]

[2.136069436032905, 1.1646142322280666, -0.07039358719459664, 2.030268654270362]

[2.134346386334727, 1.1643601731946949, -0.06846314476023622, 2.0323736350963046]

[2.136422021025378, 1.1647637750027733, -0.06854793323962455, 2.032696799645544]

[2.135375323048317, 1.164507999367293, -0.06960974432294786, 2.0313382598171517]

[2.1366234328127858, 1.1648070925060061, -0.0699587292632497, 2.031053153891239]

[2.1366658101953684, 1.1647532259595623, -0.07064003592829553, 2.030299698686593]

[2.13481446055477, 1.1644082486010208, -0.0686299911452932, 2.032205486523454]

[2.1347115959384766, 1.1644109395097115, -0.06899124384172817, 2.0319010067295253]

[2.1355338543476443, 1.1644979104333482, -0.06856986096027545, 2.0324543094116754]

[2.1369714811404372, 1.1648188431760609, -0.07078171748606156, 2.030200830142596]

[2.1348656244949438, 1.164407791299185, -0.06905660448650272, 2.031815272849078]

[2.134823808780766, 1.1644662549071658, -0.06808785243119199, 2.032999672109639]

[2.1351775792542704, 1.1645122074985583, -0.0691203843415961, 2.0317422510050847]

[2.135150675943247, 1.1646017911544473, -0.06819238496422352, 2.0327180277750716]

[2.1358165666493067, 1.1646398712826374, -0.06820477355503542, 2.0328886110941626]

[2.1365448427952596, 1.1647626114221654, -0.0715798057075672, 2.029181872678003]

[2.1356676280281395, 1.164471027454027, -0.0712498767377653, 2.0292449744821606]

[2.135866329923714, 1.1645293647503938, -0.07035955520377996, 2.0305173582889973]

[2.1362053277676663, 1.1645836904719917, -0.07016086948453484, 2.030819955407678]

[2.1371807660964897, 1.1649949483781585, -0.07006091727614755, 2.030958564465955]

[2.136284229468859, 1.1646780471989544, -0.07049154374600929, 2.0304940693115587]

[2.135553223026385, 1.1645382367842974, -0.06777827963672821, 2.033467138342307]

[2.135375099788636, 1.1643621574314895, -0.07269418398864222, 2.0276869112281695]

[2.1346309996387003, 1.1644323541557529, -0.068099288879511, 2.0328380294936177]

[2.1352704071899993, 1.1647062068028105, -0.06832544977923244, 2.0327386003902834]

[2.1365506762926976, 1.1648155156759172, -0.07000071353207467, 2.031056813817113]

[2.1365884849886316, 1.164964209526851, -0.07024728805819627, 2.030660167807856]

[2.1350674840826143, 1.1643782907768851, -0.06990228850080532, 2.030926624914033]

[2.134835084632626, 1.1643881080715472, -0.06937001140747001, 2.031366005457316]

[2.1347865494052143, 1.164325739473877, -0.06856649382977369, 2.0323307052425106]

[2.1365716247856033, 1.1647400877251242, -0.07156012146449817, 2.0291565894702916]

