Matrice 50*4 con le medie arimetiche di Ui:
[2.148673911336409, 1.165525877150835, -0.03950759574683859, 2.06389143481847]

[2.233798769874483, 1.1901072290947075, -0.0968386298057292, 2.0148188006982126]

[2.198432184864046, 1.178599849323455, -0.10573591153534179, 2.001810776508658]

[2.0673281397013614, 1.1489342838710555, 0.015769871419345837, 2.1247865205134944]

[2.1062305615985264, 1.1606454054441249, -0.022811530495500613, 2.086091723706209]

[2.1981678902260655, 1.1820129598660152, -0.1016611701627369, 2.007422395739177]

[2.173575404500559, 1.171100919917835, -0.195342935587763, 1.8938411046110115]

[2.2381455809548814, 1.1791790345778463, -0.2239980288907757, 1.8694483783503828]

[2.200640165894645, 1.1796885195346667, -0.11694410371178111, 1.987285860953616]

[2.1723156193470317, 1.170546908807788, -0.10005683248351163, 2.0067235791647766]

[2.1628877014738594, 1.1669933445522964, -0.16887475915326908, 1.9203571457376865]

[2.088120570799948, 1.1519614385714791, -0.1250492367736718, 1.9572446230108484]

[2.1092834925056194, 1.1546806684228461, -0.11231673666234437, 1.979803369356006]

[2.102843809069729, 1.159454894531288, -0.005647041446633241, 2.1017821184438183]

[2.123262539135884, 1.1559915180095475, -0.0053931352472465915, 2.1059285415465525]

[2.1216491987879618, 1.1570266645476257, -0.044034702293681734, 2.0578974625921864]

[2.13576316086638, 1.1654114617466764, -0.10821760815314738, 1.980227089294114]

[2.1637337163081805, 1.1696485432006247, -0.13145010437633362, 1.9609876648835622]

[2.111490758118941, 1.1573911700799617, -0.16646438440330683, 1.9161908640519307]

[2.1077526588343094, 1.162066153076974, -0.013129711031961132, 2.1006047070335936]

[2.1921820940450183, 1.1745150457121951, -0.10772139031562061, 1.9974606465624158]

[2.0904759942031483, 1.1547385571163615, -0.10356675482559312, 1.981625583649683]

[2.1417641950791393, 1.167271563254874, -0.05153801174275088, 2.0481940352409187]

[2.080606816620155, 1.1526159994579417, -0.03443774966796052, 2.062164225610643]

[2.078530324873603, 1.1552554602336904, -0.0010537230807152588, 2.0990835306382984]

[2.169246457262921, 1.172159350802226, -0.09954591744782947, 2.005699926632106]

[2.174286823461315, 1.172027496276381, -0.08184453532251611, 2.020619436534587]

[2.133996161412091, 1.1677659210181857, -0.10249229651369908, 1.9935076051092506]

[2.063552448565249, 1.1520402166252595, 0.005888673249820358, 2.1039280892941523]

[2.1667394241944207, 1.1721817585921772, -0.07864186372856255, 2.0248203966765224]

[2.168788394189132, 1.169317041801123, -0.1261107144387878, 1.9667848329090492]

[2.1514536409874143, 1.167065364822891, -0.0755166508289872, 2.0283984670321997]

[2.1527719032275594, 1.1626757656843194, -0.12098862032024384, 1.9805854053028464]

[2.120143258630631, 1.1608098394030073, -0.12038157937045993, 1.9722268226673834]

[2.0844577274789513, 1.1547955725661336, 0.04499499610359711, 2.1538570050592005]

[2.127441251067832, 1.1690831870049183, 0.028828476583304112, 2.1507650166554786]

[2.11770485818467, 1.1662246594829455, -0.014797278581978072, 2.088418210120495]

[2.1010939638310036, 1.1635626991246513, -0.024532878824988762, 2.073590951305132]

[2.0532974857186614, 1.1434110617224669, -0.029430537035966185, 2.066799107449558]

[2.097227780472578, 1.1589392195034707, -0.008329840012740982, 2.0895593700149684]

[2.1330470961537844, 1.1657899298216667, -0.14127978136751396, 1.9438789875083171]

[2.1417751348035146, 1.1744178181092586, 0.09959953187627311, 2.22711011610104]

[2.1782360421503513, 1.1709781786203604, -0.125550328471157, 1.97470532109409]

[2.1469050721366925, 1.1575593989145354, -0.11446844438480638, 1.9795773471574782]

[2.0841718861044813, 1.1522032641322952, -0.03238052049553716, 2.061984889242831]

[2.0823192600037115, 1.1449172654365434, -0.020298368715577855, 2.081420543696402]

[2.156848304398562, 1.1736272841848767, -0.037203347027735034, 2.0683641454937334]

[2.1682358774479797, 1.1731462367464234, -0.06328492460116499, 2.046834498872868]

[2.170614103591166, 1.1762022980322684, -0.10265728590828485, 1.999564209398337]

[2.083145409952112, 1.1558992337211589, 0.04403046819321416, 2.1550958822370623]

