U1
2.13550310049+-0.00164273374354
#media
[2.135503100488931, 2.1355031004889415, 2.1355031004889375, 2.1355031004889273, 2.1355031004889327, 2.1355644703706114, 2.1355644703706145, 2.1356307546835027, 2.1356307546835036, 2.135611484499636, 2.1348758348784447, 2.1348758348784447, 2.1348758348784447, 2.134875834878445, 2.134875834878445]
#errore
[0.002196028202627003, 0.0029161472401381767, 0.0037639624677651994, 0.004593070122762525, 0.005289962152308914, 0.005747497921652031, 0.005901042964837944, 0.005826538153545028, 0.0056029117811444715, 0.005952727877333861, 0.006630344322896397, 0.0067625351136936405, 0.0072939930659959105, 0.008998473999226785, 0.009914198145272245]

U2
1.16456327065+-0.000433671120389
#media
[1.1645632706450522, 1.1645632706450442, 1.164563270645043, 1.164563270645045, 1.164563270645046, 1.1645744579236759, 1.1645744579236765, 1.1645744761237204, 1.1645744761237204, 1.1645541533509236, 1.1643299060291166, 1.1643299060291163, 1.1643299060291163, 1.1643299060291163, 1.1643299060291163]
#errore
[0.0005739714815261709, 0.0007540142912159269, 0.0009592239281151905, 0.0011541157126811594, 0.001297379986772037, 0.0013936056202264139, 0.0013936882101349215, 0.0013791512681078086, 0.001343022964227337, 0.0014090140924395177, 0.001516253814806275, 0.001517152568062445, 0.0015324632555738472, 0.0018657032579068632, 0.0015209314071782457]

U3
-0.0692483096713+-0.00188427682653
#media
[-0.06924830967134307, -0.06924830967134352, -0.06924830967134371, -0.06924830967134368, -0.06924830967134384, -0.06939016697940262, -0.06939016697940262, -0.0699253582870733, -0.06992535828707327, -0.07071610883734913, -0.06957572393303513, -0.06957572393303513, -0.06957572393303514, -0.06957572393303514, -0.06957572393303514]
#errore
[0.0026149507295859147, 0.0036058350875848378, 0.00489012762820114, 0.006389465518154147, 0.007876135924270791, 0.008932183733231678, 0.009326780924356985, 0.009780035909464403, 0.009994466222021898, 0.009253158937356435, 0.010003819004086445, 0.008673756210548432, 0.010538635174863184, 0.010418288541658023, 0.016278640292797283]

U4
2.03167537533+-0.00216407774262
#media
[2.031675375325631, 2.0316753753256354, 2.031675375325624, 2.0316753753256274, 2.0316753753256314, 2.031514611320684, 2.0315146113206812, 2.0309236294955944, 2.0309236294955952, 2.0300265779080986, 2.031177020346943, 2.031177020346942, 2.031177020346942, 2.0311770203469424, 2.0311770203469424]
#errore
[0.002974468408691631, 0.004078235536962687, 0.0055094878915805355, 0.007174287074585608, 0.008825653726704479, 0.010004932709677573, 0.010410610074802483, 0.010939950591359444, 0.011255692601999793, 0.010382382985954272, 0.011140910787778102, 0.009444165489584797, 0.011262914796651384, 0.010973586200046912, 0.016827246077097815]