[0.5424396279963737, -0.01838696674185711, 0.9605419528432739]
[0.5327728017155187, -0.0433515458561966, 0.9019696974814904]
[0.5361092588791141, -0.048096053298037324, 0.9105628958177089]
[0.5557580636603855, 0.007628141423946319, 1.0277935465147943]
[0.5510533493366707, -0.010830500189014337, 0.990438445695597]
[0.537726424410855, -0.04624813719405291, 0.9132252384656243]
[0.5387901047706827, -0.08987170869862167, 0.8713022334949432]
[0.5268553773319615, -0.10008197446888566, 0.8352666574766786]
[0.5360660674186495, -0.05314094758614879, 0.9030489817246917]
[0.5388475313544163, -0.04605998851750067, 0.9237716477718695]
[0.5395533682849417, -0.07807837597772299, 0.8878672454557373]
[0.5516738136103744, -0.05988602311683855, 0.9373235676046417]
[0.5474279168852737, -0.05324876293841528, 0.9386141675077522]
[0.5513747095863557, -0.0026854307591829274, 0.9994951167455559]
[0.5444411591606603, -0.0025400227940919006, 0.9918361496659824]
[0.5453430591676524, -0.020754940222369237, 0.9699518015361848]
[0.5456651201315426, -0.05066929242718491, 0.927175412319982]
[0.5405695416145337, -0.06075151641146363, 0.9062980578910843]
[0.5481393492392286, -0.07883737296184265, 0.9075061572890821]
[0.551329468477413, -0.00622924657546038, 0.9966087331116598]
[0.5357743998104546, -0.04913888796384287, 0.9111746017762137]
[0.5523806828293797, -0.04954218805323851, 0.9479303226368991]
[0.5450047049702139, -0.02406334547060001, 0.9563116424986444]
[0.5539806897923706, -0.016551781621047926, 0.9911359556922577]
[0.5558039959334933, -0.0005069558370669124, 1.0098883357720294]
[0.5403532396596445, -0.04588963006694638, 0.9246067545330131]
[0.5390399664063612, -0.03764201412591244, 0.9293251537614067]
[0.5472202537822096, -0.04802834155328503, 0.934166443762543]
[0.5582800754234536, 0.002853658143709721, 1.0195660840881344]
[0.5409887988852128, -0.036295025996400596, 0.9345011098551166]
[0.5391568144380023, -0.05814800317849273, 0.9068587964499837]
[0.5424543399816246, -0.035100291909766025, 0.9428037064750612]
[0.5400831197867126, -0.05620131893158339, 0.9200163762512131]
[0.547514812821072, -0.056779926960319, 0.9302328107494092]
[0.5540028743892071, 0.021585947995220962, 1.0332936843311207]
[0.5495254858004269, 0.013550774466196968, 1.0109632947917784]
[0.5507021693677616, -0.006987413059373408, 0.986170571432093]
[0.553788987620089, -0.01167624068571262, 0.9869101463336154]
[0.5568657584569481, -0.014333303985742422, 1.0065755799268274]
[0.5526053155953912, -0.0039718337179683845, 0.9963435490751121]
[0.546537360531686, -0.06623378434647006, 0.9113155499536008]
[0.5483385249110193, 0.04650326276451534, 1.0398431095360317]
[0.5375809397884962, -0.057638532299380145, 0.9065616778357335]
[0.5391758648008048, -0.05331788809408441, 0.9220609578174398]
[0.5528350477300961, -0.015536396355513404, 0.9893545263662875]
[0.5498279190072433, -0.009747961854582123, 0.9995684060919132]
[0.544139929447724, -0.017248940016719998, 0.958975251655678]
[0.5410602457732689, -0.029187287812823915, 0.9440091459431058]
[0.541875359644215, -0.0472941209303136, 0.9211974648511516]
[0.5548816843024564, 0.02113653131599025, 1.0345393422567677]
